route_id,agency_id,route_short_name,route_long_name,route_desc,route_type,route_url,route_color,route_text_color,jp_parent_route_id
10000,8000020041009,10,,,3,,A3D742,050505,
10001,8000020041009,10,,,3,,A3D742,050505,
10002,8000020041009,10,,,3,,A3D742,050505,
10003,8000020041009,10,,,3,,A3D742,050505,
10004,8000020041009,10,,,3,,A3D742,050505,
10005,8000020041009,11,,,3,,A3D742,050505,
10006,8000020041009,110,,,3,,A3D742,050505,
10007,8000020041009,115,,,3,,A3D742,050505,
10008,8000020041009,12,,,3,,A3D742,050505,
10009,8000020041009,120,,,3,,A3D742,050505,
10010,8000020041009,13,,,3,,A3D742,050505,
10011,8000020041009,130,,,3,,A3D742,050505,
10012,8000020041009,135,,,3,,A3D742,050505,
10013,8000020041009,14,,,3,,A3D742,050505,
10015,8000020041009,15,,,3,,A3D742,050505,
10016,8000020041009,15,,,3,,A3D742,050505,
10017,8000020041009,15,,,3,,A3D742,050505,
10018,8000020041009,15,,,3,,A3D742,050505,
10019,8000020041009,15,,,3,,A3D742,050505,
10020,8000020041009,159,,,3,,A3D742,050505,
10021,8000020041009,16,,,3,,A3D742,050505,
10022,8000020041009,16,,,3,,A3D742,050505,
10023,8000020041009,160,,,3,,A3D742,050505,
10024,8000020041009,161,,,3,,A3D742,050505,
10025,8000020041009,17,,,3,,A3D742,050505,
10027,8000020041009,18,,,3,,A3D742,050505,
10028,8000020041009,18,,,3,,A3D742,050505,
10029,8000020041009,19,,,3,,A3D742,050505,
10030,8000020041009,20,,,3,,A3D742,050505,
10032,8000020041009,20,,,3,,A3D742,050505,
10033,8000020041009,20,,,3,,A3D742,050505,
10034,8000020041009,20,,,3,,A3D742,050505,
10035,8000020041009,200,,,3,,A3D742,050505,
10036,8000020041009,205,,,3,,A3D742,050505,
10037,8000020041009,207,,,3,,A3D742,050505,
10038,8000020041009,21,,,3,,A3D742,050505,
10039,8000020041009,21,,,3,,A3D742,050505,
10040,8000020041009,210,,,3,,A3D742,050505,
10041,8000020041009,211,,,3,,A3D742,050505,
10042,8000020041009,213,,,3,,A3D742,050505,
10043,8000020041009,215,,,3,,A3D742,050505,
10044,8000020041009,22,,,3,,A3D742,050505,
10045,8000020041009,220,,,3,,A3D742,050505,
10046,8000020041009,23,,,3,,A3D742,050505,
10047,8000020041009,230,,,3,,A3D742,050505,
10048,8000020041009,233,,,3,,A3D742,050505,
10049,8000020041009,240,,,3,,A3D742,050505,
10051,8000020041009,25,,,3,,A3D742,050505,
10052,8000020041009,25,,,3,,A3D742,050505,
10053,8000020041009,25,,,3,,A3D742,050505,
10054,8000020041009,250,,,3,,A3D742,050505,
10055,8000020041009,259,,,3,,A3D742,050505,
10056,8000020041009,26,,,3,,A3D742,050505,
10057,8000020041009,28,,,3,,A3D742,050505,
10058,8000020041009,29,,,3,,A3D742,050505,
10059,8000020041009,30,,,3,,A3D742,050505,
10060,8000020041009,30,,,3,,A3D742,050505,
10061,8000020041009,30,,,3,,A3D742,050505,
10062,8000020041009,30,,,3,,A3D742,050505,
10063,8000020041009,30,,,3,,A3D742,050505,
10064,8000020041009,30,,,3,,A3D742,050505,
10065,8000020041009,308,,,3,,A3D742,050505,
10066,8000020041009,32,,,3,,A3D742,050505,
10067,8000020041009,320,,,3,,A3D742,050505,
10068,8000020041009,35,,,3,,A3D742,050505,
10069,8000020041009,36,,,3,,A3D742,050505,
10070,8000020041009,36,,,3,,A3D742,050505,
10071,8000020041009,38,,,3,,A3D742,050505,
10072,8000020041009,40,,,3,,A3D742,050505,
10074,8000020041009,40,,,3,,A3D742,050505,
10075,8000020041009,41,,,3,,A3D742,050505,
10076,8000020041009,411,,,3,,A3D742,050505,
10080,8000020041009,43,,,3,,A3D742,050505,
10081,8000020041009,45,,,3,,A3D742,050505,
10083,8000020041009,45,,,3,,A3D742,050505,
10084,8000020041009,450,,,3,,A3D742,050505,
10085,8000020041009,47,,,3,,A3D742,050505,
10086,8000020041009,470,,,3,,A3D742,050505,
10087,8000020041009,48,,,3,,A3D742,050505,
10088,8000020041009,49,,,3,,A3D742,050505,
10089,8000020041009,50,,,3,,A3D742,050505,
10091,8000020041009,500,,,3,,A3D742,050505,
10092,8000020041009,506,,,3,,A3D742,050505,
10093,8000020041009,512,,,3,,A3D742,050505,
10094,8000020041009,516,,,3,,A3D742,050505,
10095,8000020041009,535,,,3,,A3D742,050505,
10096,8000020041009,540,,,3,,A3D742,050505,
10097,8000020041009,545,,,3,,A3D742,050505,
10098,8000020041009,55,,,3,,A3D742,050505,
10099,8000020041009,560,,,3,,A3D742,050505,
10100,8000020041009,57,,,3,,A3D742,050505,
10101,8000020041009,58,,,3,,A3D742,050505,
10102,8000020041009,59,,,3,,A3D742,050505,
10103,8000020041009,60,,,3,,A3D742,050505,
10104,8000020041009,60,,,3,,A3D742,050505,
10105,8000020041009,60,,,3,,A3D742,050505,
10106,8000020041009,60,,,3,,A3D742,050505,
10107,8000020041009,601,,,3,,A3D742,050505,
10108,8000020041009,610,,,3,,A3D742,050505,
10109,8000020041009,620,,,3,,A3D742,050505,
10110,8000020041009,628,,,3,,A3D742,050505,
10111,8000020041009,65,,,3,,A3D742,050505,
10112,8000020041009,70,,,3,,A3D742,050505,
10113,8000020041009,70,,,3,,A3D742,050505,
10114,8000020041009,70,,,3,,A3D742,050505,
10115,8000020041009,701,,,3,,A3D742,050505,
10116,8000020041009,704,,,3,,A3D742,050505,
10117,8000020041009,706,,,3,,A3D742,050505,
10119,8000020041009,71,,,3,,A3D742,050505,
10120,8000020041009,72,,,3,,A3D742,050505,
10121,8000020041009,73,,,3,,A3D742,050505,
10122,8000020041009,73,,,3,,A3D742,050505,
10123,8000020041009,730,,,3,,A3D742,050505,
10124,8000020041009,739,,,3,,A3D742,050505,
10125,8000020041009,75,,,3,,A3D742,050505,
10126,8000020041009,75,,,3,,A3D742,050505,
10128,8000020041009,75,,,3,,A3D742,050505,
10129,8000020041009,76,,,3,,A3D742,050505,
10130,8000020041009,760,,,3,,A3D742,050505,
10131,8000020041009,761,,,3,,A3D742,050505,
10132,8000020041009,765,,,3,,A3D742,050505,
10133,8000020041009,766,,,3,,A3D742,050505,
10134,8000020041009,77,,,3,,A3D742,050505,
10135,8000020041009,77,,,3,,A3D742,050505,
10136,8000020041009,770,,,3,,A3D742,050505,
10137,8000020041009,78,,,3,,A3D742,050505,
10138,8000020041009,780,,,3,,A3D742,050505,
10139,8000020041009,785,,,3,,A3D742,050505,
10140,8000020041009,80,,,3,,A3D742,050505,
10141,8000020041009,80,,,3,,A3D742,050505,
10142,8000020041009,80,,,3,,A3D742,050505,
10143,8000020041009,800,,,3,,A3D742,050505,
10144,8000020041009,810,,,3,,A3D742,050505,
10145,8000020041009,815,,,3,,A3D742,050505,
10146,8000020041009,821,,,3,,A3D742,050505,
10147,8000020041009,825,,,3,,A3D742,050505,
10148,8000020041009,83,,,3,,A3D742,050505,
10149,8000020041009,830,,,3,,A3D742,050505,
10150,8000020041009,839,,,3,,A3D742,050505,
10151,8000020041009,84,,,3,,A3D742,050505,
10152,8000020041009,840,,,3,,A3D742,050505,
10153,8000020041009,843,,,3,,A3D742,050505,
10154,8000020041009,844,,,3,,A3D742,050505,
10155,8000020041009,845,,,3,,A3D742,050505,
10156,8000020041009,846,,,3,,A3D742,050505,
10157,8000020041009,85,,,3,,A3D742,050505,
10158,8000020041009,85,,,3,,A3D742,050505,
10159,8000020041009,850,,,3,,A3D742,050505,
10160,8000020041009,851,,,3,,A3D742,050505,
10161,8000020041009,855,,,3,,A3D742,050505,
10162,8000020041009,856,,,3,,A3D742,050505,
10163,8000020041009,86,,,3,,A3D742,050505,
10164,8000020041009,860,,,3,,A3D742,050505,
10165,8000020041009,861,,,3,,A3D742,050505,
10166,8000020041009,866,,,3,,A3D742,050505,
10168,8000020041009,870,,,3,,A3D742,050505,
10169,8000020041009,875,,,3,,A3D742,050505,
10170,8000020041009,876,,,3,,A3D742,050505,
10171,8000020041009,877,,,3,,A3D742,050505,
10172,8000020041009,878,,,3,,A3D742,050505,
10173,8000020041009,88,,,3,,A3D742,050505,
10174,8000020041009,880,,,3,,A3D742,050505,
10175,8000020041009,888,,,3,,A3D742,050505,
10176,8000020041009,890,,,3,,A3D742,050505,
10177,8000020041009,899,,,3,,A3D742,050505,
10178,8000020041009,900,,,3,,A3D742,050505,
10179,8000020041009,901,,,3,,A3D742,050505,
10180,8000020041009,902,,,3,,A3D742,050505,
10181,8000020041009,904,,,3,,A3D742,050505,
10182,8000020041009,905,,,3,,A3D742,050505,
10183,8000020041009,908,,,3,,A3D742,050505,
10184,8000020041009,910,,,3,,A3D742,050505,
10185,8000020041009,911,,,3,,A3D742,050505,
10186,8000020041009,917,,,3,,A3D742,050505,
10187,8000020041009,918,,,3,,A3D742,050505,
10188,8000020041009,923,,,3,,A3D742,050505,
10189,8000020041009,925,,,3,,A3D742,050505,
10190,8000020041009,926,,,3,,A3D742,050505,
10191,8000020041009,990,,,3,,A3D742,050505,
10192,8000020041009,999,,,3,,A3D742,050505,
10193,8000020041009,A120,,,3,,A3D742,050505,
10194,8000020041009,A220,,,3,,A3D742,050505,
10195,8000020041009,A50,,,3,,A3D742,050505,
10196,8000020041009,A50,,,3,,A3D742,050505,
10197,8000020041009,A51,,,3,,A3D742,050505,
10198,8000020041009,A53,,,3,,A3D742,050505,
10199,8000020041009,A53,,,3,,A3D742,050505,
10200,8000020041009,B10,,,3,,A3D742,050505,
10201,8000020041009,B15,,,3,,A3D742,050505,
10202,8000020041009,B40,,,3,,A3D742,050505,
10203,8000020041009,D130,,,3,,A3D742,050505,
10204,8000020041009,D50,,,3,,A3D742,050505,
10205,8000020041009,D51,,,3,,A3D742,050505,
10206,8000020041009,D53,,,3,,A3D742,050505,
10207,8000020041009,D55,,,3,,A3D742,050505,
10208,8000020041009,D55,,,3,,A3D742,050505,
10209,8000020041009,H55,,,3,,A3D742,050505,
10210,8000020041009,J200,,,3,,A3D742,050505,
10211,8000020041009,J205,,,3,,A3D742,050505,
10212,8000020041009,J220,,,3,,A3D742,050505,
10213,8000020041009,J230,,,3,,A3D742,050505,
10214,8000020041009,J233,,,3,,A3D742,050505,
10215,8000020041009,J240,,,3,,A3D742,050505,
10216,8000020041009,J308,,,3,,A3D742,050505,
10217,8000020041009,J320,,,3,,A3D742,050505,
10218,8000020041009,J411,,,3,,A3D742,050505,
10220,8000020041009,J413,,,3,,A3D742,050505,
10223,8000020041009,J450,,,3,,A3D742,050505,
10224,8000020041009,J470,,,3,,A3D742,050505,
10225,8000020041009,J701,,,3,,A3D742,050505,
10226,8000020041009,J704,,,3,,A3D742,050505,
10227,8000020041009,J706,,,3,,A3D742,050505,
10228,8000020041009,K210,,,3,,A3D742,050505,
10229,8000020041009,K211,,,3,,A3D742,050505,
10230,8000020041009,K215,,,3,,A3D742,050505,
10231,8000020041009,K500,,,3,,A3D742,050505,
10232,8000020041009,K506,,,3,,A3D742,050505,
10233,8000020041009,K512,,,3,,A3D742,050505,
10234,8000020041009,K516,,,3,,A3D742,050505,
10235,8000020041009,K535,,,3,,A3D742,050505,
10236,8000020041009,K540,,,3,,A3D742,050505,
10237,8000020041009,K545,,,3,,A3D742,050505,
10238,8000020041009,K560,,,3,,A3D742,050505,
10239,8000020041009,K601,,,3,,A3D742,050505,
10240,8000020041009,K610,,,3,,A3D742,050505,
10241,8000020041009,M20,,,3,,A3D742,050505,
10242,8000020041009,M40,,,3,,A3D742,050505,
10243,8000020041009,M70,,,3,,A3D742,050505,
10244,8000020041009,N10,,,3,,A3D742,050505,
10245,8000020041009,N15,,,3,,A3D742,050505,
10246,8000020041009,N40,,,3,,A3D742,050505,
10247,8000020041009,N45,,,3,,A3D742,050505,
10248,8000020041009,N60,,,3,,A3D742,050505,
10249,8000020041009,R18,,,3,,A3D742,050505,
10250,8000020041009,R20,,,3,,A3D742,050505,
10251,8000020041009,R40,,,3,,A3D742,050505,
10252,8000020041009,R70,,,3,,A3D742,050505,
10253,8000020041009,S110,,,3,,A3D742,050505,
10254,8000020041009,S120,,,3,,A3D742,050505,
10255,8000020041009,S120,,,3,,A3D742,050505,
10256,8000020041009,S130,,,3,,A3D742,050505,
10257,8000020041009,S130,,,3,,A3D742,050505,
10258,8000020041009,S135,,,3,,A3D742,050505,
10259,8000020041009,S140,,,3,,A3D742,050505,
10260,8000020041009,S160,,,3,,A3D742,050505,
10261,8000020041009,S161,,,3,,A3D742,050505,
10262,8000020041009,S207,,,3,,A3D742,050505,
10263,8000020041009,S210,,,3,,A3D742,050505,
10264,8000020041009,S220,,,3,,A3D742,050505,
10265,8000020041009,S220,,,3,,A3D742,050505,
10266,8000020041009,S240,,,3,,A3D742,050505,
10267,8000020041009,S250,,,3,,A3D742,050505,
10268,8000020041009,S601,,,3,,A3D742,050505,
10269,8000020041009,S610,,,3,,A3D742,050505,
10270,8000020041009,S620,,,3,,A3D742,050505,
10271,8000020041009,S628,,,3,,A3D742,050505,
10272,8000020041009,S701,,,3,,A3D742,050505,
10273,8000020041009,S730,,,3,,A3D742,050505,
10274,8000020041009,S760,,,3,,A3D742,050505,
10275,8000020041009,S761,,,3,,A3D742,050505,
10276,8000020041009,S765,,,3,,A3D742,050505,
10277,8000020041009,S766,,,3,,A3D742,050505,
10279,8000020041009,S780,,,3,,A3D742,050505,
10280,8000020041009,S785,,,3,,A3D742,050505,
10281,8000020041009,S785,,,3,,A3D742,050505,
10282,8000020041009,S800,,,3,,A3D742,050505,
10283,8000020041009,S815,,,3,,A3D742,050505,
10284,8000020041009,S817,,,3,,A3D742,050505,
10285,8000020041009,S821,,,3,,A3D742,050505,
10286,8000020041009,S825,,,3,,A3D742,050505,
10287,8000020041009,S830,,,3,,A3D742,050505,
10288,8000020041009,S831,,,3,,A3D742,050505,
10289,8000020041009,S840,,,3,,A3D742,050505,
10290,8000020041009,S844,,,3,,A3D742,050505,
10291,8000020041009,S845,,,3,,A3D742,050505,
10292,8000020041009,S850,,,3,,A3D742,050505,
10293,8000020041009,S851,,,3,,A3D742,050505,
10294,8000020041009,S855,,,3,,A3D742,050505,
10295,8000020041009,S856,,,3,,A3D742,050505,
10296,8000020041009,S860,,,3,,A3D742,050505,
10297,8000020041009,S861,,,3,,A3D742,050505,
10298,8000020041009,S866,,,3,,A3D742,050505,
10299,8000020041009,S870,,,3,,A3D742,050505,
10300,8000020041009,S875,,,3,,A3D742,050505,
10301,8000020041009,S876,,,3,,A3D742,050505,
10302,8000020041009,S877,,,3,,A3D742,050505,
10303,8000020041009,S880,,,3,,A3D742,050505,
10304,8000020041009,S880,,,3,,A3D742,050505,
10305,8000020041009,S888,,,3,,A3D742,050505,
10306,8000020041009,S890,,,3,,A3D742,050505,
10307,8000020041009,S900,,,3,,A3D742,050505,
10308,8000020041009,S901,,,3,,A3D742,050505,
10309,8000020041009,S904,,,3,,A3D742,050505,
10310,8000020041009,S905,,,3,,A3D742,050505,
10311,8000020041009,S908,,,3,,A3D742,050505,
10312,8000020041009,S910,,,3,,A3D742,050505,
10313,8000020041009,S911,,,3,,A3D742,050505,
10314,8000020041009,S917,,,3,,A3D742,050505,
10315,8000020041009,S918,,,3,,A3D742,050505,
10316,8000020041009,S923,,,3,,A3D742,050505,
10317,8000020041009,S925,,,3,,A3D742,050505,
10318,8000020041009,S990,,,3,,A3D742,050505,
10319,8000020041009,T18,,,3,,A3D742,050505,
10320,8000020041009,X12,,,3,,A3D742,050505,
10321,8000020041009,X120,,,3,,A3D742,050505,
10322,8000020041009,X130,,,3,,A3D742,050505,
10323,8000020041009,X20,,,3,,A3D742,050505,
10324,8000020041009,X200,,,3,,A3D742,050505,
10325,8000020041009,X210,,,3,,A3D742,050505,
10326,8000020041009,X220,,,3,,A3D742,050505,
10327,8000020041009,X230,,,3,,A3D742,050505,
10328,8000020041009,X233,,,3,,A3D742,050505,
10329,8000020041009,X30,,,3,,A3D742,050505,
10330,8000020041009,X30,,,3,,A3D742,050505,
10331,8000020041009,X320,,,3,,A3D742,050505,
10332,8000020041009,X40,,,3,,A3D742,050505,
10333,8000020041009,X50,,,3,,A3D742,050505,
10334,8000020041009,X50,,,3,,A3D742,050505,
10335,8000020041009,X53,,,3,,A3D742,050505,
10336,8000020041009,X55,,,3,,A3D742,050505,
10337,8000020041009,X610,,,3,,A3D742,050505,
10338,8000020041009,X75,,,3,,A3D742,050505,
10339,8000020041009,X785,,,3,,A3D742,050505,
10340,8000020041009,X817,,,3,,A3D742,050505,
10341,8000020041009,X840,,,3,,A3D742,050505,
10342,8000020041009,X870,,,3,,A3D742,050505,
10343,8000020041009,X88,,,3,,A3D742,050505,
10344,8000020041009,X880,,,3,,A3D742,050505,
10345,8000020041009,X910,,,3,,A3D742,050505,
10346,8000020041009,X917,,,3,,A3D742,050505,
10347,8000020041009,Y45,,,3,,A3D742,050505,
10349,8000020041009,Z40,,,3,,A3D742,050505,
10350,8000020041009,Z45,,,3,,A3D742,050505,
10351,8000020041009,Z60,,,3,,A3D742,050505,
